Results = [0.99958     0.028999   0.00034709    0.0039634   0.00011498   1.3762e-06       3.0972;
    0.99661     0.082291   6.8535e-05    0.0032852   0.00027126   2.2592e-07       3.3996;
    0.99138      0.13101   3.3546e-05    0.0069224   0.00091481   2.3424e-07       2.9633;
    0.95797      0.28646     0.015185      0.00697    0.0020842   0.00011048       2.9733;
    0.83755      0.54636   3.1076e-05    0.0050653    0.0033042   1.8794e-07       3.1916;
    0.98061      0.19596   2.4265e-05    0.0084485    0.0016883   2.0905e-07       3.1306;
    0.97417      0.22579   3.0149e-05    0.0056022    0.0012985   1.7338e-07       3.4646;
    1   0.00047229   3.5185e-05    0.0048911     2.31e-06   1.7209e-07       3.1831;
    0.98532      0.17074   9.7117e-06    0.0049196   0.00085249    4.849e-08       3.4288;
    0.84914      0.52817   0.00054212    0.0021948    0.0013651   1.4012e-06       3.1332;];


Alpha = Results(:,4:6);
NormalAlpha = Results(:,1:3);
x = Results(:,7);


