Results = [0.71805      0.69599   1.1181e-05   0.00011523    0.0046172    0.0044754   7.1897e-08   7.4097e-07       5.0375;
    0.99371      0.11198   4.4597e-06   5.4088e-05    0.0039326   0.00044314   1.7649e-08   2.1405e-07       4.9536;
    0.20344      0.97909    1.382e-05   0.00012571    0.0011436    0.0055037   7.7687e-08   7.0667e-07       4.9069;
    0.98745      0.15796   1.6516e-05   0.00011986    0.0043311   0.00069283   7.2441e-08   5.2573e-07       4.9184;
    0.99657     0.082713   5.1485e-06   7.8797e-05    0.0030428   0.00025254    1.572e-08   2.4059e-07       4.7562;
    0.94428      0.32914   8.9684e-06   0.00033673    0.0086474    0.0030141   8.2129e-08   3.0837e-06       4.9977;
    0.99287   0.00012811   2.5965e-05      0.11922    0.0027914   3.6018e-07   7.2998e-08   0.00033518       4.8253;
    0.0024208       0.2405   2.8772e-05      0.97065   5.8858e-06   0.00058472   6.9954e-08      0.00236       4.8642;
    0.72681      0.68683   3.5456e-05   0.00023897    0.0016089    0.0015204   7.8486e-08     5.29e-07       4.9638;
    0.80089      0.59881   0.00012191    0.0011598    0.0027634    0.0020661   4.2064e-07   4.0017e-06       4.8856];


Alpha = Results(:,5:8);
NormalisedAlpha = Results(:,1:4);
x = Results(:,9);



