RESULTS = [0.8984    0.4392    0.0024    0.0012;
           0.9925   -0.1222    0.0198   -0.0024;
           0.9360   -0.3521    0.0094   -0.0036;
           0    0   0   0;
           0.9944    0.1054    0.0052    0.0006;
           0.9998    0.0189    0.0185    0.0003;
           0.9883    0.1526    0.0189    0.0029;
           0.9998   -0.0181    0.0157   -0.0003;
           0.9906    0.1365    0.0175    0.0024;
           0.9968    0.0800    0.0182    0.0015;

];



normResults = RESULTS(:,1:2);
alpha = RESULTS(:,3:4);
