Results = [0.014468      0.19582    0.0036212      0.98052    0.0021072   7.6077e-05    0.0010297   1.9041e-05    0.0051558    1.108e-05       3.0868;
    0.00035694      0.30641    0.0012629       0.9519   0.00042193    1.919e-06    0.0016473   6.7898e-06    0.0051176   2.2684e-06       3.3741;
    0.41197     0.043394    0.0092181      0.91011    0.0025205    0.0024149   0.00025437   5.4035e-05    0.0053349   1.4775e-05       2.9729;
    0.43386      0.45271    0.0013622      0.77898   0.00029268    0.0030505    0.0031831   9.5776e-06    0.0054771   2.0578e-06       2.9639;
    0.043392      0.44908    0.0025851      0.89243     0.002075   0.00029879    0.0030923     1.78e-05    0.0061451   1.4288e-05       3.1776;
    0.03331      0.25585     0.015177      0.96602    0.0023389   0.00023866    0.0018331   0.00010874    0.0069212   1.6757e-05       3.1264;
    0.0092976      0.18103      0.14185      0.97312    0.0078993   7.0369e-05    0.0013701    0.0010736    0.0073651   5.9786e-05        3.429;
    0.00011696        0.144     0.018936       0.9894   4.9033e-05   9.2669e-07    0.0011409   0.00015003    0.0078389   3.8848e-07        3.147;
    0.12423      0.96422      0.18214            0       0.1472   3.7474e-07   2.9086e-06   5.4942e-07            0   4.4402e-07       3.4401;
    0.0056424      0.26848      0.17034      0.94809    0.0011263   4.7663e-05     0.002268    0.0014389    0.0080088   9.5143e-06       3.0794
];


Alpha = Results(:,6:10);
NormalisedAlpha = results(:,1:5);
x = Results(:,11);

