Results = [0.73467      0.67843    0.0054629    0.0050447       5.0388;
    0.99587     0.090821    0.0042108   0.00038401       4.9531;
    0.22269      0.97489    0.0012635    0.0055313       4.9067;
    0.98301      0.18355    0.0037442    0.0006991       4.9205;
    0.99593     0.090076    0.0032668   0.00029546       4.7562;
    0.94879       0.3159    0.0091383    0.0030425       4.9984;
    1    0.0026921    0.0037282   1.0037e-05       4.8222;
    0.99016      0.13996    0.0029751   0.00042052       4.8633;
    0.75652      0.65397    0.0017586    0.0015202       4.9638;
    0.79717      0.60375    0.0026572    0.0020124       4.8866];


Alpha = Results(:,3:4);
NormalAlpha = Results(:,1:2);
x = Results(:,5);





